5.4989318494820494e-08
2.1766642720005314e-05
0.0021301440501233886
0.05153839756196204
0.3082884557832786
0.4559193519699274
0.16669524211384135
0.015068249232195118
0.0003367493753947736
1.8606094226815813e-06
2.5416049426970543e-09
8.583517363122739e-13
7.166827422973629e-17
1.479425216249273e-21
7.550287691824195e-27
9.526610220510707e-33
2.971787188916578e-39
2.291930420873961e-46
4.370081788890876e-54
2.060070648722491e-62
2.4009276712384875e-71
6.9179983282038655e-81
4.928176366384753e-91
8.679534701795896e-102
3.7792973176304474e-113
4.0684603499823287e-125
1.0828131707780186e-137
7.124942842264655e-151
1.1590806427437399e-164
4.661764543747624e-179
4.635444963578302e-194
1.1395593189051129e-209
6.92606970574139e-226
1.0407374736551487e-242
3.866339086479876e-260
3.551101622018491e-278
8.063631536118119e-297
4.52691833e-316
0.0
0.0
0.0
0.0
0.0
0.0
0.0
0.0
0.0
0.0
0.0
0.0
0.0
0.0
0.0
0.0
0.0
0.0
0.0
0.0
0.0
0.0
0.0
0.0
0.0
0.0
0.0
0.0
0.0
0.0
0.0
0.0
0.0
0.0
0.0
0.0
0.0
0.0
0.0
0.0
0.0
0.0
0.0
0.0
0.0
0.0
0.0
0.0
0.0
0.0
0.0
0.0
0.0
0.0
0.0
0.0
0.0
0.0
0.0
0.0
0.0
0.0
0.0
0.0
0.0
0.0
0.0
0.0
0.0
0.0
0.0
0.0
0.0
0.0
0.0
0.0
0.0
0.0
0.0
0.0
0.0
0.0
0.0
0.0
0.0
0.0
0.0
0.0
0.0
0.0
0.0
0.0
0.0
0.0
0.0
0.0
0.0
0.0
0.0
0.0
0.0
0.0
0.0
0.0
0.0
0.0
0.0
0.0
0.0
0.0
0.0
0.0
0.0
0.0
0.0
0.0
0.0
0.0
0.0
0.0
0.0
0.0
0.0
0.0
0.0
0.0
0.0
0.0
0.0
0.0
0.0
0.0
0.0
0.0
0.0
0.0
0.0
0.0
0.0
0.0
0.0
0.0
