6.228175988273451e-07
6.370151925147329e-05
0.002444703316926641
0.0352038361193335
0.19021347365693628
0.3856381759525319
0.29336359605739964
0.08373747832690874
0.00896852438818587
0.000360420567183432
5.434825386063527e-06
3.0750280529753514e-08
6.528298835048861e-11
5.200420091246155e-14
1.5544053630563707e-17
1.7433219638242406e-21
7.336321831789037e-26
1.1584214887680715e-30
6.863447130449114e-36
1.5258274981834074e-41
1.2727879043012722e-47
3.983768549570406e-54
4.678639845913791e-61
2.061733791248837e-68
3.4090472443828226e-76
2.11505131298887e-84
4.923752946336364e-93
4.300897143156506e-102
1.4096435756680389e-111
1.7335925567506733e-121
7.999672508029506e-132
1.3851118342667023e-142
8.998806820809763e-154
2.1936759554945506e-165
2.0065384142171237e-177
6.886680569498251e-190
8.868697811550994e-203
4.285457893988667e-216
7.7700187144963e-230
5.2860875831929243e-244
1.3493794796864213e-258
1.2924724829865622e-273
4.645109616827038e-289
6.26409139742804e-305
3.17e-321
0.0
0.0
0.0
0.0
0.0
0.0
0.0
0.0
0.0
0.0
0.0
0.0
0.0
0.0
0.0
0.0
0.0
0.0
0.0
0.0
0.0
0.0
0.0
0.0
0.0
0.0
0.0
0.0
0.0
0.0
0.0
0.0
0.0
0.0
0.0
0.0
0.0
0.0
0.0
0.0
0.0
0.0
0.0
0.0
0.0
0.0
0.0
0.0
0.0
0.0
0.0
0.0
0.0
0.0
0.0
0.0
0.0
0.0
0.0
0.0
0.0
0.0
0.0
0.0
0.0
0.0
0.0
0.0
0.0
0.0
0.0
0.0
0.0
0.0
0.0
0.0
0.0
0.0
0.0
0.0
0.0
0.0
0.0
0.0
0.0
0.0
0.0
0.0
0.0
0.0
0.0
0.0
0.0
0.0
0.0
0.0
0.0
0.0
0.0
0.0
0.0
0.0
0.0
0.0
0.0
0.0
0.0
0.0
0.0
0.0
0.0
0.0
0.0
0.0
0.0
0.0
0.0
0.0
0.0
0.0
0.0
0.0
0.0
0.0
0.0
0.0
0.0
0.0
0.0
0.0
0.0
0.0
0.0
0.0
0.0
