6.838847332345652e-08
1.7865469107486728e-05
0.001384186309971016
0.031807042179599385
0.2167707248543655
0.43815380217505556
0.26266436035199203
0.04670080041392189
0.0024626126642525777
3.851381171119414e-05
1.7864279584847133e-07
2.4575542924476823e-10
1.00269614434865e-13
1.2133446476554148e-17
4.354593523326463e-22
4.635106056631683e-27
1.4632560858505933e-32
1.3700285333874895e-38
3.8044115829713584e-45
3.1332423511479037e-52
7.653306227879471e-60
5.544377641201424e-68
1.1912560682002444e-76
7.591123521192086e-86
1.4346818376633384e-95
8.041808970361596e-106
1.3369048976301603e-116
6.591676510610434e-128
9.6391750580445e-140
4.180540730360424e-152
5.377416313334411e-165
2.0514619751184852e-178
2.3211429754775653e-192
7.789129482571304e-207
7.752192779851031e-222
2.2882781553620835e-237
2.0032800919090237e-253
5.201434637798316e-270
4.005467622869765e-287
9.148121322460583e-305
6.4e-323
0.0
0.0
0.0
0.0
0.0
0.0
0.0
0.0
0.0
0.0
0.0
0.0
0.0
0.0
0.0
0.0
0.0
0.0
0.0
0.0
0.0
0.0
0.0
0.0
0.0
0.0
0.0
0.0
0.0
0.0
0.0
0.0
0.0
0.0
0.0
0.0
0.0
0.0
0.0
0.0
0.0
0.0
0.0
0.0
0.0
0.0
0.0
0.0
0.0
0.0
0.0
0.0
0.0
0.0
0.0
0.0
0.0
0.0
0.0
0.0
0.0
0.0
0.0
0.0
0.0
0.0
0.0
0.0
0.0
0.0
0.0
0.0
0.0
0.0
0.0
0.0
0.0
0.0
0.0
0.0
0.0
0.0
0.0
0.0
0.0
0.0
0.0
0.0
0.0
0.0
0.0
0.0
0.0
0.0
0.0
0.0
0.0
0.0
0.0
0.0
0.0
0.0
0.0
0.0
0.0
0.0
0.0
0.0
0.0
0.0
0.0
0.0
0.0
0.0
0.0
0.0
0.0
0.0
0.0
0.0
0.0
0.0
0.0
0.0
0.0
0.0
0.0
0.0
0.0
0.0
0.0
0.0
0.0
0.0
0.0
0.0
0.0
0.0
0.0
