1.6509835701313974e-05
0.00047526996686777584
0.006840475395231737
0.04922440696739095
0.1771018076641865
0.31857653854130996
0.28651863806962197
0.1288368983232117
0.02896516037271831
0.0032558164099069104
0.00018297517529664064
5.141297439512002e-06
7.22273334605515e-08
5.073161957267028e-10
1.7815752321987184e-12
3.1280803459010275e-15
2.745996165573087e-18
1.2052308708373518e-21
2.6447757957011305e-25
2.9017217833379066e-29
1.591735755782275e-33
4.3655047793142333e-38
5.986131565759368e-43
4.103990447323618e-48
1.4067428566492544e-53
2.410856659392388e-59
2.065743307827727e-65
8.849721693102156e-72
1.8955321971141375e-78
2.0299297660930996e-85
1.0868738805009515e-92
2.9095483990717005e-100
3.8942184815399e-108
2.605933536800436e-116
8.718758538914374e-125
1.4584591160217178e-133
1.2197818368400442e-142
5.1005658504617185e-152
1.0663575527935497e-161
1.1146425908351063e-171
5.825278745240485e-182
1.522110155063492e-192
1.9884915466869554e-203
1.2988222160545324e-214
4.241543855525536e-226
6.925426250454526e-238
5.653499389575195e-250
2.307472236166968e-262
4.7087313452749385e-275
4.8041840261994435e-288
2.4506633217444843e-301
6.25022945e-315
0.0
0.0
0.0
0.0
0.0
0.0
0.0
0.0
0.0
0.0
0.0
0.0
0.0
0.0
0.0
0.0
0.0
0.0
0.0
0.0
0.0
0.0
0.0
0.0
0.0
0.0
0.0
0.0
0.0
0.0
0.0
0.0
0.0
0.0
0.0
0.0
0.0
0.0
0.0
0.0
0.0
0.0
0.0
0.0
0.0
0.0
0.0
0.0
0.0
0.0
0.0
0.0
0.0
0.0
0.0
0.0
0.0
0.0
0.0
0.0
0.0
0.0
0.0
0.0
0.0
0.0
0.0
0.0
0.0
0.0
0.0
0.0
0.0
0.0
0.0
0.0
0.0
0.0
0.0
0.0
0.0
0.0
0.0
0.0
0.0
0.0
0.0
0.0
0.0
0.0
0.0
0.0
0.0
0.0
0.0
0.0
0.0
0.0
0.0
0.0
0.0
0.0
0.0
0.0
0.0
0.0
0.0
0.0
0.0
0.0
0.0
0.0
0.0
0.0
0.0
0.0
0.0
0.0
0.0
0.0
0.0
0.0
0.0
0.0
0.0
0.0
0.0
0.0
