7.229435705324802e-13
2.935961798199625e-08
9.096576416385139e-05
0.021502408838874797
0.38777323446353845
0.5335192751299508
0.05600205588826167
0.0004484761974112312
2.7400368063193867e-07
1.2771884026316608e-11
4.541874263634698e-17
1.2322443032394816e-23
2.5505867667969996e-31
4.027772721596312e-40
4.852565224849703e-50
4.460251808812096e-61
3.1277277663608035e-73
1.6733241702403307e-86
6.829875608985653e-101
2.126802073095352e-116
5.0526931811836646e-133
9.157993905913464e-151
1.26636629926072e-169
1.3359798561653303e-189
1.075281184440793e-210
6.6027636869403695e-233
3.093221591029811e-256
1.105548711779804e-280
3.0145764625815956e-306
0.0
0.0
0.0
0.0
0.0
0.0
0.0
0.0
0.0
0.0
0.0
0.0
0.0
0.0
0.0
0.0
0.0
0.0
0.0
0.0
0.0
0.0
0.0
0.0
0.0
0.0
0.0
0.0
0.0
0.0
0.0
0.0
0.0
0.0
0.0
0.0
0.0
0.0
0.0
0.0
0.0
0.0
0.0
0.0
0.0
0.0
0.0
0.0
0.0
0.0
0.0
0.0
0.0
0.0
0.0
0.0
0.0
0.0
0.0
0.0
0.0
0.0
0.0
0.0
0.0
0.0
0.0
0.0
0.0
0.0
0.0
0.0
0.0
0.0
0.0
0.0
0.0
0.0
0.0
0.0
0.0
0.0
0.0
0.0
0.0
0.0
0.0
0.0
0.0
0.0
0.0
0.0
0.0
0.0
0.0
0.0
0.0
0.0
0.0
0.0
0.0
0.0
0.0
0.0
0.0
0.0
0.0
0.0
0.0
0.0
0.0
0.0
0.0
0.0
0.0
0.0
0.0
0.0
0.0
0.0
0.0
0.0
0.0
0.0
0.0
0.0
0.0
0.0
0.0
0.0
0.0
0.0
0.0
0.0
0.0
0.0
0.0
0.0
0.0
0.0
0.0
0.0
0.0
0.0
0.0
0.0
0.0
0.0
0.0
0.0
0.0
