2.4734010012290453e-08
9.67687695803647e-06
0.001019844405620363
0.02895280390684667
0.22141413983123662
0.4561189200981705
0.25310972668970694
0.03783533594341347
0.00152350669196163
1.6525292300530655e-05
4.8284967793512e-08
3.8004301445877595e-11
8.057708916105643e-15
4.602018995144362e-19
7.080162923639614e-24
2.934243209358495e-29
3.2757215440084363e-35
9.850898811093556e-42
7.979997423262915e-49
1.7413563597424325e-56
1.0236006989596233e-64
1.6208077450612914e-73
6.913380255717203e-83
7.943417672938014e-93
2.458568792958772e-103
2.049818190532273e-114
4.6036927702701317e-126
2.785193259339344e-138
4.5390226504085184e-151
1.9926332670187255e-164
2.3564076032690475e-178
7.506395903379888e-193
6.441255545452122e-208
1.4889071125830055e-223
9.270916977301638e-240
1.5550193278668944e-256
7.025979899798175e-274
8.551376476318972e-292
2.803645907931e-310
0.0
0.0
0.0
0.0
0.0
0.0
0.0
0.0
0.0
0.0
0.0
0.0
0.0
0.0
0.0
0.0
0.0
0.0
0.0
0.0
0.0
0.0
0.0
0.0
0.0
0.0
0.0
0.0
0.0
0.0
0.0
0.0
0.0
0.0
0.0
0.0
0.0
0.0
0.0
0.0
0.0
0.0
0.0
0.0
0.0
0.0
0.0
0.0
0.0
0.0
0.0
0.0
0.0
0.0
0.0
0.0
0.0
0.0
0.0
0.0
0.0
0.0
0.0
0.0
0.0
0.0
0.0
0.0
0.0
0.0
0.0
0.0
0.0
0.0
0.0
0.0
0.0
0.0
0.0
0.0
0.0
0.0
0.0
0.0
0.0
0.0
0.0
0.0
0.0
0.0
0.0
0.0
0.0
0.0
0.0
0.0
0.0
0.0
0.0
0.0
0.0
0.0
0.0
0.0
0.0
0.0
0.0
0.0
0.0
0.0
0.0
0.0
0.0
0.0
0.0
0.0
0.0
0.0
0.0
0.0
0.0
0.0
0.0
0.0
0.0
0.0
0.0
0.0
0.0
0.0
0.0
0.0
0.0
0.0
0.0
0.0
0.0
0.0
0.0
0.0
0.0
