2.324018501699981e-13
1.4610417218652357e-08
6.319416405610665e-05
0.018805403107447848
0.38501676431458814
0.5423353973944335
0.052559058972083676
0.0003504439198004284
1.607610360650354e-07
5.073812127007267e-12
1.1017404290848128e-17
1.6459457215925976e-24
1.691776745063566e-32
1.1963600743703118e-41
5.8206580982016346e-52
1.948379660514136e-63
4.4871067662195717e-76
7.109687921868819e-90
7.75043344363589e-105
5.812898811524545e-121
2.999513724974533e-138
1.0648790000082244e-156
2.6010038217340783e-176
4.370921800452951e-197
5.053548075741195e-219
4.0198614536867906e-242
2.1999716655685603e-266
8.283510139697324e-292
2.14587e-318
0.0
0.0
0.0
0.0
0.0
0.0
0.0
0.0
0.0
0.0
0.0
0.0
0.0
0.0
0.0
0.0
0.0
0.0
0.0
0.0
0.0
0.0
0.0
0.0
0.0
0.0
0.0
0.0
0.0
0.0
0.0
0.0
0.0
0.0
0.0
0.0
0.0
0.0
0.0
0.0
0.0
0.0
0.0
0.0
0.0
0.0
0.0
0.0
0.0
0.0
0.0
0.0
0.0
0.0
0.0
0.0
0.0
0.0
0.0
0.0
0.0
0.0
0.0
0.0
0.0
0.0
0.0
0.0
0.0
0.0
0.0
0.0
0.0
0.0
0.0
0.0
0.0
0.0
0.0
0.0
0.0
0.0
0.0
0.0
0.0
0.0
0.0
0.0
0.0
0.0
0.0
0.0
0.0
0.0
0.0
0.0
0.0
0.0
0.0
0.0
0.0
0.0
0.0
0.0
0.0
0.0
0.0
0.0
0.0
0.0
0.0
0.0
0.0
0.0
0.0
0.0
0.0
0.0
0.0
0.0
0.0
0.0
0.0
0.0
0.0
0.0
0.0
0.0
0.0
0.0
0.0
0.0
0.0
0.0
0.0
0.0
0.0
0.0
0.0
0.0
0.0
0.0
0.0
0.0
0.0
0.0
0.0
0.0
0.0
0.0
0.0
