1.7574442347725422e-11
1.8857775937020883e-07
0.00021795465831398042
0.027133674216111535
0.36384618315426825
0.525525515573607
0.0817591856165671
0.0013700804624804956
2.47298997632773e-06
4.808010475820254e-10
1.0068742189004712e-14
2.271181295521941e-20
5.51817095933164e-27
1.4441265954054472e-34
4.070822323177689e-43
1.2360208451187414e-52
4.0423713679362456e-63
1.4240111493198023e-74
5.403278296863182e-87
2.2083507336481622e-100
9.721774194171769e-115
4.609881648700938e-130
2.3545113497784963e-146
1.2953244621589218e-163
7.6757904974492e-182
4.8993044095611785e-201
3.3683134743308163e-221
2.494349740746151e-242
1.989614595808947e-264
1.7094143117919316e-287
1.5819490045857e-311
0.0
0.0
0.0
0.0
0.0
0.0
0.0
0.0
0.0
0.0
0.0
0.0
0.0
0.0
0.0
0.0
0.0
0.0
0.0
0.0
0.0
0.0
0.0
0.0
0.0
0.0
0.0
0.0
0.0
0.0
0.0
0.0
0.0
0.0
0.0
0.0
0.0
0.0
0.0
0.0
0.0
0.0
0.0
0.0
0.0
0.0
0.0
0.0
0.0
0.0
0.0
0.0
0.0
0.0
0.0
0.0
0.0
0.0
0.0
0.0
0.0
0.0
0.0
0.0
0.0
0.0
0.0
0.0
0.0
0.0
0.0
0.0
0.0
0.0
0.0
0.0
0.0
0.0
0.0
0.0
0.0
0.0
0.0
0.0
0.0
0.0
0.0
0.0
0.0
0.0
0.0
0.0
0.0
0.0
0.0
0.0
0.0
0.0
0.0
0.0
0.0
0.0
0.0
0.0
0.0
0.0
0.0
0.0
0.0
0.0
0.0
0.0
0.0
0.0
0.0
0.0
0.0
0.0
0.0
0.0
0.0
0.0
0.0
0.0
0.0
0.0
0.0
0.0
0.0
0.0
0.0
0.0
0.0
0.0
0.0
0.0
0.0
0.0
0.0
0.0
0.0
0.0
0.0
0.0
0.0
0.0
0.0
0.0
0.0
